1561000444390857630,-0.46220355635906907,-0.8865417261388849,-0.02028892071336872,-112.69831767731034,0.8861972827947091,-0.4626070421974199,0.02547745035573976,108.12988514392887,-0.03197262041658479,-0.0062042182456400795,0.9994694888888089,19.320349057890535,0.0,0.0,0.0,1.0,36555,36555,11642,0.2967997923262132,0.028049829783837882
1561000444489636410,-0.4684228160591094,-0.8832663377551853,-0.020509558352030846,-112.67039466716291,0.8829143894197382,-0.4688320926660511,0.025664174289130544,108.09293473365094,-0.032283840397710276,-0.006086499397305453,0.9994602083996447,19.32115843412482,0.0,0.0,0.0,1.0,36677,36677,11909,0.29497158208083024,0.027123549110689694
1561000444590824250,-0.4708338487752878,-0.8819855921668933,-0.0204181795824994,-112.67305651020409,0.8816309894930136,-0.4712393945521141,0.02569496814022996,108.0886813763507,-0.03228444227518359,-0.005903239125342093,0.9994612881721874,19.32050211093609,0.0,0.0,0.0,1.0,36761,36761,12081,0.29520725278554694,0.027131826991167184
1561000444690960383,-0.47141457509050494,-0.8816705418757511,-0.020624111635615734,-112.66668093752344,0.8813181906762912,-0.47182630518947705,0.025655106983116453,108.0594577389753,-0.03235035046653257,-0.0060822133936594145,0.9994580839159415,19.3212458314819,0.0,0.0,0.0,1.0,36815,36815,12202,0.29631131269015215,0.027438071138422615
1561000444789840333,-0.4708423334601472,-0.8819773445343853,-0.020578161965525227,-112.68064827147383,0.8816254073706757,-0.4712527261971555,0.025641940843846522,108.09964186189143,-0.03231312582054398,-0.006068919164432171,0.9994593689189567,19.320731244926783,0.0,0.0,0.0,1.0,36896,36896,12302,0.29492578782516105,0.027124403476097677
1561000444890985111,-0.4708637586697542,-0.88196434261833,-0.0206450749867782,-112.67837457429158,0.881614170391405,-0.4712760467467655,0.02559965483780313,108.10928135206824,-0.032307512074838576,-0.006147040959560462,0.9994590729744632,19.320532343617522,0.0,0.0,0.0,1.0,36961,36961,12387,0.29427838252726607,0.02708301574009525
1561000444989929019,-0.47083936480624483,-0.8819728763230563,-0.020835978001690923,-112.66272776905818,0.8816253814323636,-0.4712575507169662,0.02555401546691826,108.08053552608474,-0.032357060482831254,-0.006337690642564342,0.9994562793410363,19.321885705692893,0.0,0.0,0.0,1.0,37055,37055,12360,0.2879951764148622,0.027599218557524115
1561000445090899699,-0.4699660270618684,-0.8824424755219534,-0.02066907841122223,-112.68057109021733,0.8820960018215559,-0.47037884306900074,0.025502697180706232,108.08652118323815,-0.032226960423002354,-0.006246710154496951,0.9994610555865283,19.320124440868472,0.0,0.0,0.0,1.0,37046,37046,12409,0.28851467706814443,0.02740178619775451
1561000445190808748,-0.46993796215146716,-0.8824616439368019,-0.02048801379546013,-112.69494927434832,0.8821129257728797,-0.4703451770049582,0.025538219448144994,108.07051028296097,-0.032172937592534576,-0.006071362987950237,0.999463876604919,19.31806382545438,0.0,0.0,0.0,1.0,37028,37028,12348,0.2910044340860725,0.02726914723326889
1561000445289847853,-0.47076736519309575,-0.8820155039583032,-0.02065765345652886,-112.66834745625727,0.8816688805312655,-0.47117944101665504,0.025493518116847528,108.07537530894751,-0.032219139837864445,-0.006211693844049871,0.9994615259667043,19.31985657640385,0.0,0.0,0.0,1.0,37070,37070,12377,0.2908755785016589,0.027000330949513904
1561000445392024703,-0.47093316527713464,-0.8819252494954488,-0.02073181478904047,-112.6606828942515,0.8815795740551363,-0.47134745739318984,0.025476047922220118,108.07010106056255,-0.032239858107922736,-0.006279228564349169,0.9994604358541739,19.320393584713287,0.0,0.0,0.0,1.0,37064,37064,12337,0.2924983906199053,0.02707180368379477
1561000445489689325,-0.4707540309483289,-0.882018912975128,-0.020815366921330163,-112.67315094384409,0.881668098148508,-0.4711722117559648,0.025653685430739346,108.0968558239946,-0.032434658208261684,-0.006275669140591546,0.999454155488759,19.321943699303663,0.0,0.0,0.0,1.0,37113,37113,12386,0.29415791489273174,0.026871049044588972
1561000445591002115,-0.4706128195186465,-0.8820950596114948,-0.02078172066260662,-112.66908843382446,0.8817420428265652,-0.4710303609708375,0.02571709462031696,108.08812745949831,-0.03247374349744565,-0.0062213224214026,0.9994532260844367,19.322414176427582,0.0,0.0,0.0,1.0,37144,37144,12427,0.29252770915015813,0.027181013299070148
1561000445690709345,-0.4711002183469237,-0.8818351368372785,-0.020769586241776997,-112.66753000523998,0.8814862374630754,-0.4715163210283152,0.02558069911291232,108.09616317523074,-0.032351158196631265,-0.0062570314923689,0.9994569786240112,19.321450461384444,0.0,0.0,0.0,1.0,37171,37171,12403,0.29287528161066295,0.02700191101773878
1561000445789916684,-0.4712701497372604,-0.8817431272895806,-0.02082074552476217,-112.66672146346428,0.881394760065445,-0.4716877843519406,0.025571683994708286,108.12411032082078,-0.03236854794068561,-0.006300124660961356,0.9994561448775351,19.32165402979229,0.0,0.0,0.0,1.0,37231,37231,12442,0.2933611703282467,0.027189655984221874
1561000445890565535,-0.46906718636223865,-0.8829221174091952,-0.020603622688089483,-112.68967694248384,0.8825777770414605,-0.46947783527058834,0.025436777747738958,108.08644415829109,-0.03213163784743697,-0.006252741742801497,0.9994640869335603,19.31947761066425,0.0,0.0,0.0,1.0,37262,37262,12361,0.2988887756669557,0.026854212253655155
1561000445989497190,-0.47050472085626177,-0.8821593108875025,-0.020500191863874223,-112.6842644454032,0.8818137920404087,-0.47091146206244117,0.02543287371729856,108.07665956233203,-0.03208962167551848,-0.006111064776108745,0.999466313123169,19.317863544797348,0.0,0.0,0.0,1.0,37252,37252,12401,0.2938132105907414,0.027071234938972656
1561000446090726395,-0.4688442681476195,-0.8830370133565778,-0.02075295804014591,-112.68160984218389,0.8826919402029846,-0.46926016037819746,0.02549197094203903,108.0824705864117,-0.03224889030347163,-0.006366704337446856,0.9994595910541206,19.320623930474213,0.0,0.0,0.0,1.0,37235,37235,12417,0.29145825671426345,0.027377292335984415
1561000446190500482,-0.4699269073980904,-0.8824675393637949,-0.02048764682616752,-112.68637823378728,0.8821248807955236,-0.4703329604803918,0.025349575286836817,108.08583980031459,-0.032006192912320174,-0.006160215495915552,0.9994686865331491,19.31812257732635,0.0,0.0,0.0,1.0,37257,37257,12426,0.29271242136673,0.02681871140104225
1561000446290554243,-0.469540766584189,-0.8826708792268018,-0.02058124098577292,-112.6970673844918,0.8823233778376652,-0.4699510511573471,0.025523840565759386,108.10235156086651,-0.032201326628810166,-0.0061748264012389,0.999462328495804,19.31934332067923,0.0,0.0,0.0,1.0,37284,37284,12406,0.2909973316771714,0.027276437551369825
1561000446389827220,-0.46916285049649215,-0.8828690350968283,-0.02069991742007172,-112.68230926400344,0.8825246292924049,-0.4695766819438119,0.02545620684493976,108.09356214426093,-0.03219469531304539,-0.006325080381331946,0.9994616025400199,19.319908266277867,0.0,0.0,0.0,1.0,37280,37280,12421,0.2915252237214366,0.02725120341865399
1561000446489336040,-0.46947352758251415,-0.882707920599479,-0.020526417373002634,-112.67817504501879,0.8823608414253081,-0.46988193493911196,0.02550123010928579,108.08928826560332,-0.032155130515090696,-0.006139554447589849,0.9994640330961079,19.319716589121164,0.0,0.0,0.0,1.0,37300,37300,12429,0.28983794454362166,0.02711630089295153
1561000446590505301,-0.4707482456550635,-0.8820232029700569,-0.0207643597329195,-112.67017763759912,0.8816772425756991,-0.4711637726064836,0.025493907258910202,108.0908576780187,-0.03226963180424601,-0.006306251316145496,0.9994593048531548,19.320791748544625,0.0,0.0,0.0,1.0,37285,37285,12446,0.2920098746964527,0.026914400109439476
1561000446690697159,-0.47013656512927493,-0.8823500960385616,-0.02073446766101514,-112.68270578587949,0.8820055230030368,-0.47055111532676386,0.02545398312378404,108.09983816568696,-0.032215951337432054,-0.0063210667988688705,0.9994609430057504,19.319964663386177,0.0,0.0,0.0,1.0,37292,37292,12441,0.2894622702270781,0.02710981053252791
1561000446789582819,-0.47085416509896116,-0.8819694126979096,-0.020647282490987975,-112.66895247864751,0.8816228821790676,-0.4712658345816681,0.025487384610940158,108.09012872240895,-0.03220945245147543,-0.006202275497329906,0.9994618966981316,19.31974958740822,0.0,0.0,0.0,1.0,37304,37304,12476,0.29228002909035883,0.026955544671852967
1561000446890337727,-0.470910425936738,-0.8819397131704333,-0.02063281553572694,-112.67153118982918,0.8815911214370843,-0.47132197995969716,0.025547716339470044,108.090914184929,-0.03225624509103373,-0.006159021003415243,0.9994606551099956,19.320257310699663,0.0,0.0,0.0,1.0,37297,37297,12497,0.2895459977999183,0.027572869742021916
1561000446989904686,-0.4704683081487512,-0.8821779787401922,-0.020532531590582066,-112.67634259763818,0.8818301402030391,-0.4708765845274681,0.02551168307306548,108.08084404066604,-0.03217413335473279,-0.006103766837834104,0.9994636407460034,19.319208536818607,0.0,0.0,0.0,1.0,37267,37267,12486,0.2904076886752589,0.026965011572138573
1561000447090824380,-0.4690114382255409,-0.8829476150313303,-0.020779314812882425,-112.67280705056207,0.882607319548013,-0.4694271808124012,0.02534642765318149,108.09124277063802,-0.0321339430177654,-0.00645221086154426,0.9994627450191046,19.32023310580288,0.0,0.0,0.0,1.0,37269,37269,12480,0.2926842894475616,0.02728426495549928
1561000447190652711,-0.47053066738584215,-0.8821402559765137,-0.02072341272866531,-112.67597867062358,0.8817968039948975,-0.4709444379106912,0.025411274374816356,108.07560116797843,-0.03217588404078234,-0.006317055221297203,0.9994622590671046,19.319474689023217,0.0,0.0,0.0,1.0,37246,37246,12442,0.29348565126286685,0.027517753940910154
1561000447289533589,-0.4699625465455619,-0.8824408548917133,-0.02081687926637233,-112.6776532315339,0.8820976038438798,-0.4703796791652791,0.02543176598741525,108.07830303504186,-0.032233866309879136,-0.0064105418137779275,0.9994597954977307,19.319721502342993,0.0,0.0,0.0,1.0,37272,37272,12456,0.292509714311357,0.02726853304762991
1561000447390721865,-0.4707677626090227,-0.8820178700112841,-0.020547278867281835,-112.67591786066721,0.8816714478757222,-0.4711761168663397,0.02546615195644111,108.08527621419358,-0.032142988174859395,-0.0061273057300274564,0.9994644988370904,19.318817368952917,0.0,0.0,0.0,1.0,37298,37298,12467,0.2898741083916984,0.027361464390588796
1561000447490360595,-0.4703422473267845,-0.8822420360482958,-0.020667854483328325,-112.67372949537838,0.881895015242291,-0.4707549463591661,0.02551396811866727,108.07364793557898,-0.03223898990934247,-0.0062265807414424255,0.9994607932389797,19.3199863185733,0.0,0.0,0.0,1.0,37283,37283,12470,0.2908072165046247,0.027599858354470142
1561000447591072943,-0.4690237905432381,-0.8829441125230912,-0.02064892407026227,-112.6789502105216,0.8826017876052388,-0.4694355766933765,0.02538353502914287,108.07823177160805,-0.032105582388026556,-0.006319295479782708,0.9994645056649885,19.319052188699995,0.0,0.0,0.0,1.0,37313,37313,12456,0.2947232479924135,0.027484408943529545
1561000447690877841,-0.4709616995294803,-0.8819126976993082,-0.020617255225384105,-112.67825609476245,0.8815692511119663,-0.4713717198944434,0.02538419149043997,108.07396250054903,-0.03210503185134163,-0.006220556283506811,0.999465142768542,19.318147543117014,0.0,0.0,0.0,1.0,37328,37328,12445,0.2935307149363974,0.027483143047567844
1561000447789836370,-0.47047058789931256,-0.8821727149195193,-0.02070572319906809,-112.67365538662773,0.8818310540991334,-0.470883444218029,0.025352987748189254,108.08386895693974,-0.03211569628814366,-0.006331114663624493,0.9994641059282908,19.319428051218047,0.0,0.0,0.0,1.0,37299,37299,12462,0.2964683544332259,0.027553899844143852
1561000447890936130,-0.4708075122268718,-0.8819917793607452,-0.020755422684383455,-112.66156899624782,0.8816461043170313,-0.47122265536854535,0.025482460830964164,108.0904401166729,-0.03225574636142419,-0.006301603563895126,0.9994597823920602,19.32077220045611,0.0,0.0,0.0,1.0,37320,37320,12449,0.2913346912466689,0.027141131874010342
1561000447990168613,-0.47041830601559587,-0.882204784612669,-0.020526455415602857,-112.68397550611061,0.8818655903655007,-0.47082474156135395,0.025241696911517352,108.05487094716982,-0.03193270885330521,-0.006227418421116709,0.9994706205612508,19.316409915367156,0.0,0.0,0.0,1.0,37304,37304,12456,0.2962523928060774,0.027159458036174863
1561000448090349300,-0.4705245804319802,-0.8821438320217125,-0.020709390028553563,-112.66807244915077,0.881798245560994,-0.470938302398154,0.025474878996359876,108.08646211096618,-0.0322253523618865,-0.006274947042499247,0.999460930554446,19.320038223057857,0.0,0.0,0.0,1.0,37327,37327,12477,0.293472859699621,0.027441386333135025
1561000448191004250,-0.46991263791772186,-0.8824709299861189,-0.020668102347311115,-112.67028939085034,0.8821259401445607,-0.4703251587436734,0.025457234272281686,108.09056945893818,-0.03218599772056439,-0.006269193103148573,0.9994622347885687,19.320467817684694,0.0,0.0,0.0,1.0,37339,37339,12471,0.2928625400716763,0.02770496180559137
1561000448289577163,-0.47049991072263625,-0.8821580315234224,-0.020664980733291143,-112.68174204890559,0.8818148962921228,-0.4709116830494381,0.025390459720873945,108.07991831132541,-0.0321297788241391,-0.006276478810328032,0.9994639979141059,19.318706489441965,0.0,0.0,0.0,1.0,37328,37328,12466,0.2946755543584073,0.027297964419220992
1561000448390671207,-0.4704887150360359,-0.882163596099669,-0.020682329178187606,-112.67354169482859,0.8818186798476163,-0.47090141918435646,0.025449347377577872,108.0793908659634,-0.03218982596304021,-0.006264433465900977,0.999462141342939,19.31976574021227,0.0,0.0,0.0,1.0,37311,37311,12426,0.29569352856502595,0.027586703058131334
1561000448489511843,-0.47115117497829867,-0.8818083764859019,-0.020749878936071997,-112.66865670364793,0.8814679530277441,-0.47156493389254317,0.02531325557841628,108.08636332938346,-0.0321063560939429,-0.006363983203056165,0.9994641972657909,19.319254573930408,0.0,0.0,0.0,1.0,37274,37274,12464,0.2917829819213231,0.027489004767932847
1561000448590608154,-0.47077891358368124,-0.8820100985059897,-0.02062524323293949,-112.68226356187773,0.8816677662672113,-0.47118907109325864,0.025353682328918267,108.08776208659451,-0.03208059304841994,-0.006248633107749827,0.9994657523566967,19.318283315785465,0.0,0.0,0.0,1.0,37316,37316,12465,0.29368242415038437,0.027438333273653963
1561000448690651885,-0.4709237298522647,-0.8819337602418438,-0.02058356644771107,-112.6801441229462,0.881596223684895,-0.47133149454876855,0.02519366251526711,108.08183065546226,-0.031920824653296945,-0.006282100929940487,0.999470657979188,19.318763328440845,0.0,0.0,0.0,1.0,37304,37304,12465,0.2963114515394702,0.02735253686558263
1561000448789461254,-0.4711438365223309,-0.8818201343459794,-0.020414112007429933,-112.67400687496979,0.8815002113552467,-0.4715423912035242,0.02459981054183086,108.09109009783035,-0.03131872742716291,-0.00640499493277857,0.9994889260778457,19.318332499902112,0.0,0.0,0.0,1.0,37289,37289,12425,0.2914144026782876,0.02757447883675436
1561000448890692776,-0.469194504220635,-0.8828663576087552,-0.02008760343583898,-112.6810933158831,0.882569279595365,-0.46957859958659526,0.023820275497691584,108.07625185623948,-0.03046282855633609,-0.00655235934062753,0.9995144234394066,19.31466576766332,0.0,0.0,0.0,1.0,37316,37316,12399,0.2933292513625202,0.02741616254440218
1561000448989786641,-0.4694835836338326,-0.8827134251671486,-0.020054269570537492,-112.67837374064527,0.8824186016899787,-0.4698660082842964,0.02373490363281374,108.07783152670987,-0.03037393767389879,-0.006553112897610615,0.999517123726014,19.314591685615945,0.0,0.0,0.0,1.0,37289,37289,12412,0.28903020947526153,0.02743724511976022
1561000449089923943,-0.47118618341403684,-0.8818040117784268,-0.02013120391775208,-112.6839480864292,0.8815083925823319,-0.4715704985349242,0.023753288580952818,108.09316051043285,-0.030439027031217345,-0.006553603816293491,0.9995151404107905,19.314336332236223,0.0,0.0,0.0,1.0,37301,37301,12418,0.29379885658374283,0.027588119422085833
1561000449191127690,-0.47208409161072507,-0.8813194891211578,-0.02031178336063756,-112.69915650500788,0.8810165585464492,-0.47247536349365193,0.024017794621607424,108.12099356785515,-0.03076416771225338,-0.006556598717895537,0.999505166068798,19.315695040022693,0.0,0.0,0.0,1.0,37304,37304,12382,0.2990530504734711,0.027190778592191656
1561000449291090906,-0.472518845644441,-0.881085024394796,-0.020374501173237792,-112.71892538276856,0.8807849026573039,-0.4729113416882914,0.02393361973285466,108.13379932724129,-0.03072288661224344,-0.006636466664299966,0.9995059087111067,19.314605193885615,0.0,0.0,0.0,1.0,37312,37312,12347,0.29544653100967405,0.027140105031589846
1561000449390028483,-0.47343690664388727,-0.8805898171592232,-0.020471183232645143,-112.71945606533887,0.8802931220911258,-0.4738313655179825,0.02382973458508426,108.14885983772757,-0.030684110326125096,-0.006738765972657634,0.9995064153904417,19.31441194547823,0.0,0.0,0.0,1.0,37263,37263,12402,0.29428102923911836,0.027018260909738225
1561000449489800413,-0.4737206323791708,-0.8804376559649691,-0.020452296134677514,-112.71775201768494,0.8801526530814775,-0.4741117511163032,0.023438317495956512,108.16203990637638,-0.030332651250663673,-0.0068979281184562485,0.9995160573276289,19.314442483708643,0.0,0.0,0.0,1.0,37313,37313,12360,0.2939853169389126,0.027092680556407747
1561000449591216147,-0.47392482711634515,-0.8803348464374112,-0.020144884977407695,-112.74026621939382,0.8800567566564611,-0.4743045544465992,0.02313643651244936,108.20753375055986,-0.029922621977883212,-0.006763710462184116,0.9995293336939854,19.312698326378314,0.0,0.0,0.0,1.0,37315,37315,12377,0.2976535018301583,0.027483612480781065
1561000449690748173,-0.4744588189413213,-0.8800538145839931,-0.01985226850916282,-112.75634641170718,0.8797766890868952,-0.4748289544479569,0.023031312535999254,108.2408782937362,-0.029695226351808015,-0.006538153715356731,0.9995376161395325,19.312620023728645,0.0,0.0,0.0,1.0,37264,37264,12384,0.29235118004828536,0.027419076591762008
1561000449790826516,-0.47335238016403597,-0.8806533753413942,-0.019676297742241063,-112.77232604462463,0.8803784984499051,-0.47371700855985105,0.022932406506205563,108.2839877435639,-0.029516498100378107,-0.0064674802587659,0.9995433697639052,19.31267756370628,0.0,0.0,0.0,1.0,37287,37287,12358,0.28980524431993077,0.027386491478447787
1561000449890484449,-0.474465390445201,-0.880055722723856,-0.019609134878009433,-112.78703991275944,0.8797821684174928,-0.47482720900717895,0.022857334075432875,108.32033964726624,-0.029426678444466076,-0.006406753267129656,0.9995464091818294,19.312719363164113,0.0,0.0,0.0,1.0,37272,37272,12381,0.28713119629393413,0.026895728298338875
1561000449989384138,-0.47463632663340943,-0.87996669454642,-0.019467252733278054,-112.8115651908332,0.8796920215861505,-0.4749939530778461,0.02286245168658329,108.36972404802083,-0.02936502337121499,-0.006273836825312298,0.9995490655159885,19.31243887996488,0.0,0.0,0.0,1.0,37252,37252,12409,0.2869795243774504,0.02681873426689077
1561000450090550600,-0.47411172255671613,-0.8802477161792597,-0.019545656691240497,-112.8451531346395,0.8799778030424494,-0.4744709336416109,0.02272442038449543,108.4303196431251,-0.029276965123880613,-0.00642582994158381,0.9995506830684903,19.31217728350673,0.0,0.0,0.0,1.0,37247,37247,12399,0.2896950401695999,0.026581670164071293
1561000450190747550,-0.47272718453038043,-0.8809922940663213,-0.019534246894386476,-112.89612067795763,0.8807282537445541,-0.47308528586307447,0.022540083315964875,108.5731363902344,-0.029099004485128404,-0.006549053030471824,0.9995550799442551,19.311704612615497,0.0,0.0,0.0,1.0,37282,37282,12416,0.2918165806717113,0.026162000028346434
1561000450289514048,-0.4739617082561627,-0.8803321234071446,-0.019381733781029007,-112.92720439651683,0.8800740542661114,-0.47431334612277704,0.022282475118188726,108.62398535216721,-0.02880899363890245,-0.006496321056184599,0.9995638247246826,19.309285087944808,0.0,0.0,0.0,1.0,37273,37273,12429,0.2928576590148855,0.026133468605924606
1561000450390977465,-0.47288597448243563,-0.8809183372446757,-0.019019417547975023,-112.96845114510742,0.8806615500386102,-0.47322683258504594,0.022172036557003928,108.69833354030558,-0.028532252300964487,-0.006264824625112355,0.9995732402135614,19.308480369376525,0.0,0.0,0.0,1.0,37380,37380,12453,0.29471843165866796,0.025861313815932783
1561000450490693528,-0.47468695588347953,-0.8799579016935959,-0.018611425551798833,-112.9932825506339,0.8796967308565605,-0.475015933257663,0.022215419680899323,108.76858200105724,-0.028389357765389783,-0.005827040272497757,0.9995799567655,19.308883238287486,0.0,0.0,0.0,1.0,37345,37345,12425,0.2924011844418108,0.02620154529014299
1561000450590475803,-0.4745339734349924,-0.8800504570671456,-0.018130115054681147,-113.0397309527351,0.8797855511576755,-0.4748495950786894,0.022254123837072117,108.86731153168579,-0.028193829646889323,-0.005390275456214592,0.9995879415540861,19.307528087764545,0.0,0.0,0.0,1.0,37359,37359,12429,0.29137388320575774,0.025913161573700026
1561000450690769224,-0.4742922340631648,-0.88018563289075,-0.017892131233351476,-113.09860689637257,0.879924213311851,-0.4746003623969016,0.022087888994077903,108.95420884031722,-0.027933054520874356,-0.005267605283238876,0.9995959167582172,19.306888632478817,0.0,0.0,0.0,1.0,37407,37407,12364,0.29604361277859,0.026341320472413887
1561000450790421902,-0.47601592852900476,-0.8792520186472984,-0.018020085774175888,-113.15924061596085,0.8790066604193,-0.476323976056607,0.021511875141356118,109.07151431505307,-0.027497758547762277,-0.005599780197015113,0.9996061803213208,19.30510167192784,0.0,0.0,0.0,1.0,37503,37503,12384,0.29791705276053576,0.025655037656398972
1561000450890805533,-0.4758595561138579,-0.8793407949124067,-0.01781710576739865,-113.22340398592323,0.8791046424998278,-0.4761599952616116,0.021134957952973158,109.19149645907707,-0.02706862372458758,-0.005605828686043823,0.9996178591313712,19.303867790697254,0.0,0.0,0.0,1.0,37525,37525,12367,0.30215432211420157,0.0254301668761334
1561000450990064991,-0.47411698067056596,-0.8802790743683415,-0.017939896014970043,-113.29672984541742,0.8800504857854348,-0.4744198623944197,0.020903029312533534,109.34260964115704,-0.02691154229352332,-0.005877533058387897,0.9996205397532194,19.303238771627758,0.0,0.0,0.0,1.0,37604,37604,12496,0.29938293414729955,0.025703776345537825
1561000451089601374,-0.47401518956768013,-0.8803366560461973,-0.01780370973985969,-113.39744627886247,0.8801186494290868,-0.47431194369349744,0.020477866021070556,109.48568369207845,-0.026471928267618676,-0.005962557427153533,0.999631774666406,19.300691654134546,0.0,0.0,0.0,1.0,37615,37615,12520,0.30457076418835805,0.025696690837821314
1561000451190702665,-0.47467372663767854,-0.8799802432520877,-0.017878051512445654,-113.45263892221011,0.8797812832682613,-0.47496784716273877,0.019759498283209966,109.62598698010446,-0.025879467744128835,-0.006349460415373495,0.9996449057048709,19.29876623373902,0.0,0.0,0.0,1.0,37685,37685,12583,0.3066265342659489,0.024926855432618668
1561000451289549468,-0.47406530080217835,-0.8803014783447983,-0.018204334629122212,-113.523957002922,0.8801044637799491,-0.4743681249071476,0.019774096860411122,109.76814289341876,-0.026042722782351774,-0.0066475029910122154,0.9996387283884374,19.299001968945518,0.0,0.0,0.0,1.0,37703,37703,12671,0.30318868397899573,0.025061374137158282
1561000451390942587,-0.47375564718414065,-0.8804750844905797,-0.017866514837223166,-113.60621104517554,0.8802579988163093,-0.47405402511099115,0.020460615727127263,109.91980995102153,-0.026484755634362228,-0.006033810350844824,0.9996310073480237,19.299245076752523,0.0,0.0,0.0,1.0,37797,37797,12720,0.30555333812011953,0.02523839019984967
1561000451490741781,-0.47070441676171515,-0.882119645207987,-0.017386304355283825,-113.71965695062744,0.8818922379467743,-0.4709927060625837,0.020783442569347478,110.11461999110745,-0.02652230552219587,-0.005549988644599733,0.9996328150555177,19.29762286963634,0.0,0.0,0.0,1.0,37824,37824,12739,0.30536137565531835,0.024935457966199785
1561000451590685953,-0.4691155660862772,-0.882969249233956,-0.017201469784937733,-113.81522182074488,0.882730291255594,-0.469401588158454,0.021198630476860665,110.33088923438235,-0.026792136072650838,-0.005239650896876119,0.9996272942967945,19.297667865244517,0.0,0.0,0.0,1.0,37929,37929,12874,0.295041426058694,0.024255959421406677
1561000451690819485,-0.46615647133366733,-0.88454149028003,-0.01686701535285379,-113.92533416863928,0.8843084759037122,-0.46643307204683443,0.02094537528345334,110.54342757153547,-0.026394387254992716,-0.005151822406832661,0.9996383321218273,19.29346191727509,0.0,0.0,0.0,1.0,38090,38090,12948,0.29084285380968333,0.024257698124238898
1561000451789732414,-0.4665745405423289,-0.8843280354032909,-0.016496178874420214,-113.99383435905831,0.8840906739359607,-0.46684170631090693,0.021035719815045754,110.73776019947991,-0.026303581070677432,-0.004769386590772198,0.9996426234281895,19.293501054121684,0.0,0.0,0.0,1.0,38086,38086,12957,0.2976865404004615,0.02476543479897033
1561000451890968984,-0.4659734483068992,-0.8846586811461932,-0.0157405001712564,-114.07908374766112,0.8844118034859141,-0.46622202030338533,0.02127885426847261,110.92201689557058,-0.026163090943877622,-0.004005703044731052,0.9996496621393753,19.292288457008556,0.0,0.0,0.0,1.0,38126,38126,12935,0.2963228285873949,0.024696047992126678
1561000451991102625,-0.4663185133115487,-0.8844848111698691,-0.015286037834944012,-114.19728811993274,0.8842358707386772,-0.4665551792865538,0.02128824980736183,111.12744006233382,-0.02596091373366445,-0.0035893579739522245,0.9996565147426566,19.292428493250764,0.0,0.0,0.0,1.0,38197,38197,12892,0.30127859939800916,0.024305271120662404
1561000452090730181,-0.4676992724972121,-0.8837731373858356,-0.014227864940239926,-114.33873454049969,0.8835376868653836,-0.467906447423042,0.020608550372833503,111.31422445537088,-0.02487059295857526,-0.002932250861736239,0.9996863785761813,19.287604858313426,0.0,0.0,0.0,1.0,38192,38192,12808,0.30416346553446566,0.023955875800599928
1561000452190870521,-0.4660539601090327,-0.8846409179831423,-0.014288194309074069,-114.4508166839665,0.8844142607919351,-0.4662620401627055,0.020276222802098922,111.63809900546674,-0.02459921898166919,-0.003186868874939948,0.999692313810731,19.29033568309143,0.0,0.0,0.0,1.0,38218,38218,12766,0.302822810529172,0.02432641136997154
1561000452289744651,-0.4664375659190868,-0.8844356852367271,-0.014474659902755996,-114.59422996166717,0.8842356594732522,-0.4666462678924282,0.019197895143073247,111.88636287202416,-0.023733849568599696,-0.003844390963459512,0.9997109207379713,19.28834500712169,0.0,0.0,0.0,1.0,38247,38247,12751,0.30121810007905714,0.02418479067231634
1561000452390495657,-0.4676996492919181,-0.8837579177131466,-0.015132115897049435,-114.73598917869539,0.883598316131126,-0.467915994495731,0.01756809111038909,112.13251673326364,-0.022606498676704417,-0.005154122075076486,0.999731154482645,19.28487076236299,0.0,0.0,0.0,1.0,38224,38224,12596,0.3050124241419491,0.0243078419229801
1561000452490859644,-0.46817555458153415,-0.8834950816346941,-0.015750899007980247,-114.85862012625275,0.8833698212269727,-0.4683974966963004,0.016172323086586476,112.45578149568325,-0.021665849571660102,-0.006342382510909262,0.9997451500989695,19.282553064180632,0.0,0.0,0.0,1.0,38216,38216,12619,0.30663863539429337,0.023322908143453978
1561000452589535110,-0.46405606457022025,-0.8856871672547815,-0.014498644618775149,-115.03896535395116,0.8855735960737237,-0.46424702659275324,0.015300465247544633,112.72930461651858,-0.020282378376668925,-0.0057393431643746684,0.9997778178512537,19.273788110496845,0.0,0.0,0.0,1.0,38228,38228,12546,0.3060510873395509,0.02396756412797846
1561000452690699221,-0.4624141584090201,-0.8865698360023984,-0.012925633196846384,-115.16405987647832,0.8864553735650059,-0.4625724611969354,0.014952886674020094,112.96261101763736,-0.01923582024674195,-0.004543570496922211,0.9998046505125701,19.269987897908408,0.0,0.0,0.0,1.0,38140,38140,12498,0.3091085216714871,0.024063513541181726
1561000452790271869,-0.4595774207069872,-0.8880635390405998,-0.011478022607466143,-115.32280827819527,0.8879487037010377,-0.4597078543430611,0.014689732839465263,113.32841474373487,-0.018321953277955293,-0.003440825766114513,0.9998262182730134,19.268904386313523,0.0,0.0,0.0,1.0,38153,38153,12573,0.30499680217976477,0.024152179426348848
1561000452890717893,-0.4590510233371016,-0.8883410178391546,-0.011063182075403301,-115.48411514426567,0.8882249222619035,-0.4591739614615131,0.014688791254689528,113.64869059272759,-0.018128580913950136,-0.003083689381843994,0.9998309084109327,19.267717560860472,0.0,0.0,0.0,1.0,38012,38012,12555,0.3004514104922369,0.023984468652217712
1561000452991006604,-0.45630226331919077,-0.889750179709004,-0.011526586552736518,-115.66370596962344,0.8896295451126959,-0.45643522062286895,0.015038678049540323,113.99417479832113,-0.01864180657339066,-0.003392209120279151,0.9998204718673012,19.270796276261436,0.0,0.0,0.0,1.0,37784,37784,12565,0.29577097850849726,0.023607504699801333
1561000453090831579,-0.4548106551929837,-0.8904967273771849,-0.012761130570251692,-115.80697702624632,0.8903705668898587,-0.4549695788379057,0.015586402671460081,114.34393387616996,-0.019685566771560588,-0.0042732730488820245,0.9997970882125635,19.276173942332733,0.0,0.0,0.0,1.0,37594,37594,12770,0.2842440745180323,0.023831925159177855
1561000453190958855,-0.4532461531367042,-0.8912715003367998,-0.014249117662081263,-115.95294576933276,0.8911598838692427,-0.4534331401398254,0.015246271840752527,114.62604760058107,-0.020049589743789006,-0.005787927979481982,0.9997822332092116,19.27964079537696,0.0,0.0,0.0,1.0,37456,37456,12630,0.29039066728591806,0.024052312512356826
1561000453290456443,-0.4510786063092006,-0.8923581110700098,-0.015003084272661239,-116.12082728414173,0.8922638297497594,-0.4512770572135953,0.014638160843375837,114.9113556390596,-0.019833029279427414,-0.006783748239023261,0.9997802917188451,19.280174763278776,0.0,0.0,0.0,1.0,37494,37494,12601,0.2912018025975166,0.023640118382579553
1561000453390083878,-0.4494799250407406,-0.893151635047408,-0.01574654874856896,-116.2680780820287,0.8930613780834908,-0.44969401504615497,0.014719640186848192,115.2585498729575,-0.020227999430056414,-0.007446451757644721,0.9997676622072084,19.280216549878915,0.0,0.0,0.0,1.0,37396,37396,12498,0.2917438469001142,0.023545215849097075
1561000453491702475,-0.44895494786079804,-0.8934214631401369,-0.015412462224573414,-116.46712818685006,0.8933187537611398,-0.44916587873855557,0.015218986681456353,115.47510717079247,-0.02051972148708176,-0.006935602174779199,0.9997653917057512,19.275190538952845,0.0,0.0,0.0,1.0,37298,37298,12635,0.3017896092728244,0.023597904908399657
1561000453589804408,-0.4484452637488479,-0.8936907435847754,-0.01461849007580611,-116.63374052497345,0.8935712154044907,-0.44864360721434515,0.015792298951919807,115.85195184302522,-0.020671923512890513,-0.005980680275722227,0.9997684247072943,19.27247772688929,0.0,0.0,0.0,1.0,37102,37102,12603,0.2910289373200533,0.023937464109874983
1561000453691663396,-0.4490011117232982,-0.8934178430695957,-0.014232334878431764,-116.80973458243301,0.893279614765941,-0.449195697836499,0.016575731921651654,116.2375964590015,-0.02120215825830124,-0.005270932556976424,0.9997613143921691,19.27427453788561,0.0,0.0,0.0,1.0,37060,37060,12487,0.28922509687009146,0.02427769546097587
1561000453789923278,-0.44773869546656203,-0.8940503057755093,-0.014286753465986905,-117.00929991448399,0.8939146678817151,-0.4479341169770429,0.016480090833034484,116.69126879251678,-0.021133554546737647,-0.005392364108902312,0.9997621193471595,19.275076546982298,0.0,0.0,0.0,1.0,37060,37060,12484,0.29306520474709374,0.025034863413076196
1561000453891751798,-0.4425799673996609,-0.8965998856113621,-0.015218987423129262,-117.17200156817701,0.8964718549236915,-0.4427957519112248,0.016435796877338264,116.90528818968487,-0.021475236579504533,-0.0063692394391132254,0.9997490920239978,19.276358791665658,0.0,0.0,0.0,1.0,37055,37055,12393,0.30396047832361467,0.026459623208830302
1561000453991718329,-0.44023271049942025,-0.8977398284532675,-0.016073612382056346,-117.3700707557979,0.8976035406476331,-0.4404719919871156,0.01709701996485388,117.42878699876195,-0.022428651834662663,-0.006901063944541105,0.9997246275316514,19.276681030793785,0.0,0.0,0.0,1.0,37076,37076,12467,0.30497656627728903,0.027943788698253688
1561000454089779948,-0.4399103616774662,-0.8978982117012009,-0.016052261914223372,-117.55060043368137,0.8977393731360086,-0.440155779029393,0.01808060033121877,117.84890062793696,-0.02330003455192388,-0.00645690411723774,0.9997076656598599,19.27726497367558,0.0,0.0,0.0,1.0,37154,37154,12469,0.3041822609522101,0.02838441850273045
1561000454191651816,-0.4368962158220163,-0.8993832064043896,-0.015216590884206987,-117.75366719776049,0.8992220734644997,-0.4371223483859559,0.017992085362583784,118.24482057649729,-0.02283329136503451,-0.005822420396298038,0.9997223315631967,19.275934279126886,0.0,0.0,0.0,1.0,37061,37061,12389,0.3117796235034743,0.029842571391703987
1561000454291075858,-0.4355234437217972,-0.9000635146223175,-0.014317807597694257,-117.96727885504839,0.8998959360848031,-0.43572990574538006,0.01807632310838992,118.63513135096689,-0.022508535863409382,-0.005011874380815253,0.9997340881096648,19.27420771176435,0.0,0.0,0.0,1.0,36952,36952,12344,0.3176290235425123,0.031374550772332144
1561000454393143374,-0.435360048520256,-0.9001432555496506,-0.014274019787484948,-118.15352501309731,0.8999789577277755,-0.43556478209209126,0.0179219487845536,119.12119858140136,-0.022349581643035778,-0.0050438169585054985,0.9997374936006238,19.27377364210246,0.0,0.0,0.0,1.0,36915,36915,12335,0.3229569318010086,0.031464343348320205
1561000454493147996,-0.4351310374379534,-0.900251177202108,-0.014449851361365076,-118.34612905182972,0.9000706567409371,-0.43534355473457315,0.018676247614091472,119.53853849487037,-0.023103963557346355,-0.004879272204864999,0.9997211609097202,19.272081507141714,0.0,0.0,0.0,1.0,36857,36857,12277,0.32339727410261926,0.03289145532827657
1561000454591818510,-0.43550155250660577,-0.9000725855391598,-0.014413137242238897,-118.52256940077822,0.8998679787102978,-0.43571781776770724,0.019687665466677048,119.9412286453282,-0.02400038866619644,-0.004395911801079012,0.9997022843343389,19.27436744659284,0.0,0.0,0.0,1.0,36828,36828,12208,0.3298704459768367,0.03397058941612439
1561000454692864186,-0.4373673421910874,-0.8991914082304501,-0.012830407211799047,-118.75207623496782,0.8989747257607552,-0.43754644823952604,0.0199386076817619,120.34560987262995,-0.02354252382450704,-0.0028137159558627193,0.9997188767721046,19.267016449297532,0.0,0.0,0.0,1.0,36806,36806,11840,0.3306236362271812,0.03610767524128333
1561000454791187859,-0.43395709204783683,-0.9008320972987777,-0.013519420758536895,-118.9016360421807,0.9005906602515039,-0.43415705683190775,0.021073980894726285,120.8321015281864,-0.02485367033442885,-0.0030302606002014293,0.999686507156913,19.27660825250756,0.0,0.0,0.0,1.0,36784,36784,12020,0.3163554530756247,0.03662943487823074
1561000454893124129,-0.4291105950996146,-0.9031417496355261,-0.014109473360475846,-119.0538822637428,0.9029095004515357,-0.4293256711917732,0.020830315648728115,121.25877790228985,-0.024870286841100944,-0.003801068399402869,0.9996834602570209,19.27891609351246,0.0,0.0,0.0,1.0,36673,36673,11936,0.31356958891120923,0.039039729690549196
1561000454993269905,-0.42527668584640643,-0.9049511334589173,-0.014254351156455219,-119.22966259311167,0.9047279861531388,-0.4254950897288301,0.020523150047552445,121.69200354151509,-0.024637604322021802,-0.004168293180347685,0.9996877581451222,19.280638313532293,0.0,0.0,0.0,1.0,36584,36584,11670,0.30857364256878694,0.04080917667419052
1561000455093516159,-0.4231724107724083,-0.9059336800055472,-0.01446645058917,-119.41191287586052,0.9057367291148173,-0.42339183341584447,0.019502126271116058,121.93285796092142,-0.023792610058692997,-0.004850033849199802,0.9997051509711466,19.277341399339008,0.0,0.0,0.0,1.0,36454,36454,11456,0.32029417030329466,0.04387341835645098
1561000455194743354,-0.42087151730970557,-0.9070000115190175,-0.014769733305049854,-119.60955954970953,0.9068222829511249,-0.42109479169339675,0.01877561056094852,122.30780692144913,-0.023248936764513395,-0.005491403569062021,0.9997146249936271,19.280136040616497,0.0,0.0,0.0,1.0,36268,36268,11026,0.3196236026536938,0.047078524867624434
1561000455292998416,-0.41747862471127367,-0.9085646425964624,-0.014895909932606264,-119.80977434307731,0.9084154058816235,-0.4176984582273044,0.017591144118271344,122.67421019774847,-0.022204690181421977,-0.00618774741381091,0.9997342964587527,19.280913857368393,0.0,0.0,0.0,1.0,36156,36156,10616,0.32664467595768015,0.04863453184381448
1561000455394336334,-0.41421764926353594,-0.9100781846535864,-0.013469849895100493,-120.00739718885166,0.9099192756824641,-0.41440736274770884,0.017704503436126392,123.10669205821411,-0.021694487318978724,-0.0049229582654108164,0.9997525262293019,19.273385596748057,0.0,0.0,0.0,1.0,36005,36005,10620,0.32461566832896255,0.049722281930394525
1561000455494491320,-0.4116155633119624,-0.9112649864718921,-0.012990476116396988,-120.16533785218388,0.9110812913603277,-0.4117999297922184,0.018753622483470792,123.27302467945202,-0.022438996691398344,-0.0041160968728386595,0.9997397407195551,19.26379450452769,0.0,0.0,0.0,1.0,35886,35886,10654,0.32251700881666573,0.048755784360451096
1561000455594374614,-0.4116580280835402,-0.9112364012893256,-0.013634107217651265,-120.33946048153987,0.9110361592547501,-0.41186071497836335,0.019592549292906176,123.72837474788199,-0.02346879725650467,-0.004355734467389068,0.9997150809768598,19.264993952074047,0.0,0.0,0.0,1.0,35746,35746,10415,0.32487296965957746,0.05209152535259605
1561000455694270756,-0.41319981932533556,-0.9105235937485912,-0.014584050762126285,-120.51708129659016,0.9103351898042046,-0.41342295857653505,0.019269134020403752,124.16267074926445,-0.02357438257078951,-0.005314371922867798,0.9997079603251433,19.26270339769193,0.0,0.0,0.0,1.0,35662,35662,10116,0.320610711916501,0.05346415429123178
1561000455794226730,-0.41359600797687734,-0.9103307875083759,-0.015368783294143951,-120.76373784752401,0.9101366946659649,-0.41384016574644006,0.019685381312018115,124.72056336788341,-0.024280428497941417,-0.0058458985022162915,0.9996880944887987,19.261822971252688,0.0,0.0,0.0,1.0,35466,35466,9969,0.3298043770002877,0.054054918489754085
1561000455894397117,-0.41666452438078666,-0.9089276301988771,-0.015531811985658962,-121.01646274852295,0.9087424116626855,-0.4169098300522454,0.01932415201818209,125.16573261170785,-0.02403962079483323,-0.006062727671621205,0.9996926227422142,19.261262641445256,0.0,0.0,0.0,1.0,35380,35380,9748,0.3320144345544185,0.054727791851407755
1561000455995969579,-0.41908895032988785,-0.9078303873209322,-0.01443743634068176,-121.2993914674229,0.9076663651565977,-0.4193013251266354,0.018115416373483677,125.78267951994354,-0.022499361651898468,-0.005512404532774192,0.9997316600575928,19.26116852066113,0.0,0.0,0.0,1.0,35180,35180,9666,0.33456330038401577,0.055877322872247004
1561000456095927500,-0.4231490078445216,-0.9059552529652797,-0.01378393212345956,-121.72665711548895,0.9058153775622096,-0.42333932097841553,0.01680241307942962,126.39021698606089,-0.02105751485735914,-0.005375773256748882,0.9997638131728465,19.25522669124941,0.0,0.0,0.0,1.0,35057,35057,9444,0.35388315638914,0.05962546067967382
1561000456196671294,-0.4269292443760826,-0.9042241492746188,-0.010493243780150948,-122.18654119297095,0.9041498402010296,-0.4270373220002327,0.012336615550787581,126.7495780260615,-0.015636072424309103,-0.004220602731757943,0.9998688412745488,19.24744428210303,0.0,0.0,0.0,1.0,34899,34899,9232,0.36165751170071053,0.05957203465368425
