1567410201645386569,-0.5423701136280122,-0.8399774513723329,-0.01650881671038109,1.623210652029501,0.8395107947275375,-0.5426196460158544,0.02802758094389099,-103.22301754311466,-0.03250054428890894,0.0013419924247131778,0.9994708168212102,19.372384446455108,0.0,0.0,0.0,1.0,36348,36348,12902,0.40408980788636945,0.1140263868843878
1567410201745204634,-0.542555067030233,-0.8398591294111992,-0.016451200092460976,1.6309193293158994,0.839383365231894,-0.542802212089739,0.028307679566969664,-103.21967677320012,-0.03270421091848507,0.00154961128921439,0.9994638729304087,19.37506499988923,0.0,0.0,0.0,1.0,36336,36336,12904,0.401724905898971,0.11474665326875175
1567410201844770043,-0.5422056374953222,-0.84008310936926,-0.016535296210456886,1.6304715922503734,0.8396115989459797,-0.542455919738003,0.028176906440785413,-103.22440530706346,-0.0326406124891654,0.001394451029064882,0.99946618047969,19.37443938281789,0.0,0.0,0.0,1.0,36310,36310,12886,0.4034798432707177,0.11332526868171107
1567410201945145260,-0.5424477978546942,-0.8399257249869949,-0.016588041103897878,1.6393022198359777,0.8394448806561301,-0.5426992641327305,0.02845700353180536,-103.23926679975271,-0.03290408702289787,0.0015116927145903275,0.9994573706978838,19.376363224258974,0.0,0.0,0.0,1.0,36322,36322,12906,0.40284425067974544,0.11633611171509967
1567410202045009442,-0.5422013583643771,-0.8400913314805998,-0.01625551472513118,1.6318411393403838,0.8396178723589397,-0.5424424118007689,0.028249925578908347,-103.23331800756729,-0.032550198206375926,0.0016687273349622635,0.9994687088377545,19.373568030946423,0.0,0.0,0.0,1.0,36314,36314,12893,0.40182852569881833,0.11433226410249395
1567410202145240005,-0.5423674434077596,-0.8399820878320953,-0.016359964931727977,1.632756025887386,0.8395097371165581,-0.5426118701402974,0.028209212490595773,-103.23355095046134,-0.032572344370984274,0.0015654085999991846,0.9994681545092339,19.373514527422795,0.0,0.0,0.0,1.0,36350,36350,12912,0.4034245318515925,0.11256931234854842
1567410202246796794,-0.5423730598249459,-0.8399770275961037,-0.01643341373369127,1.6371088782929337,0.8395048826335035,-0.5426198919635659,0.028199377297374425,-103.23861005950282,-0.03260392630707749,0.0014986514821643407,0.9994672270930643,19.373472793417413,0.0,0.0,0.0,1.0,36335,36335,12924,0.40372544143760536,0.11454040407652422
1567410202348340368,-0.5421352204086443,-0.8401232757068546,-0.016801321616393784,1.6317248737860477,0.8396518386824686,-0.5423942584738889,0.028164839280814924,-103.22786283904291,-0.03277487741586023,0.0011618907637776796,0.9994620840333214,19.375110713362684,0.0,0.0,0.0,1.0,36332,36332,12927,0.4021445258798181,0.11337976480617057
1567410202448386927,-0.5422024854123956,-0.8400826496332359,-0.016661530476653114,1.627597103264189,0.8396105319713731,-0.5424568767219985,0.02819027314104219,-103.22595000695385,-0.03272032113798466,0.0012956396945670834,0.9994637071461927,19.37442864575657,0.0,0.0,0.0,1.0,36359,36359,12867,0.4051080761228519,0.1149029423394515
1567410202548448063,-0.5422291852104095,-0.8400696699137535,-0.016445680194313004,1.6353777881892892,0.8395906719268188,-0.5424761743412301,0.028409573836662868,-103.23356962648447,-0.032787410991605676,0.0015968603889915754,0.9994610726373322,19.375866614716905,0.0,0.0,0.0,1.0,36313,36313,12884,0.40303085507149694,0.11398114145805523
1567410202650046212,-0.5422485128455367,-0.8400598835555688,-0.016307739187557,1.6332255349257763,0.8395902266137668,-0.5424914315547731,0.02813002069501285,-103.2282486249213,-0.032477710686747506,0.0015616434481454812,0.9994712399955739,19.373618112340093,0.0,0.0,0.0,1.0,36301,36301,12924,0.4014770711831368,0.11441237899298642
1567410202750017595,-0.5421694627082239,-0.8401116783232941,-0.016267810285795166,1.6347933630989977,0.8396412114377259,-0.5424110851282004,0.028157606173833075,-103.23683379182303,-0.03247937441004268,0.0016070702746125434,0.9994711139212907,19.373109069439888,0.0,0.0,0.0,1.0,36326,36326,12925,0.40268514543552975,0.11392801381107506
1567410202850071166,-0.5423427979560692,-0.8399948392691684,-0.016521486202704126,1.6297150149385997,0.8395279158985536,-0.5425927467523295,0.028035506037864467,-103.2301145715503,-0.03251411896726121,0.0013346059073866907,0.9994703852015105,19.373084934651082,0.0,0.0,0.0,1.0,36292,36292,12875,0.40406501825412905,0.1142738652123021
1567410202951673769,-0.5419706557806485,-0.8402356581978346,-0.016487782311293192,1.6101636724531927,0.8397628333291622,-0.5422194557053484,0.02822136803169425,-103.22007574027299,-0.03265259609397106,0.0014493265501182742,0.9994657109780588,19.373492395658765,0.0,0.0,0.0,1.0,36325,36325,12851,0.4033530706854807,0.11488590504429363
1567410203053151857,-0.5421097329166611,-0.8401484831859337,-0.016357373792864983,1.627794432849221,0.8396830382674243,-0.542354535515542,0.0279991616252139,-103.23572088998435,-0.03239494903558405,0.001443608706066297,0.9994741033518012,19.37278551035557,0.0,0.0,0.0,1.0,36313,36313,12835,0.40454477579414116,0.1152853500640127
1567410203153090388,-0.5419569607305762,-0.8402481282447546,-0.01630140168396299,1.635036722502993,0.8397757697060697,-0.5421997008033912,0.028215971776619764,-103.2358129093142,-0.03254703258763159,0.0016023201616786624,0.999468920597254,19.373662260245172,0.0,0.0,0.0,1.0,36298,36298,12938,0.3989669071100177,0.11244182643236797
1567410203252977346,-0.5422537599124245,-0.8400535628635214,-0.016458170649898764,1.630413207241493,0.839577847717172,-0.5425013022448308,0.028308562048828177,-103.23807341215254,-0.03270928741879828,0.0015325087170872372,0.9994637331757404,19.374318973870526,0.0,0.0,0.0,1.0,36322,36322,12911,0.4017826662493573,0.11318631036944694
1567410203353035136,-0.5421796081624375,-0.8401022768612644,-0.016414533357476564,1.6246583714112832,0.8396308154731547,-0.5424259611319682,0.02818102904356703,-103.22899675215804,-0.03257861569675543,0.0014970312559060902,0.9994680548655387,19.37383947597184,0.0,0.0,0.0,1.0,36326,36326,12915,0.4015267234811165,0.11328969498749311
1567410203453171121,-0.5424080789623816,-0.8399511156882048,-0.01660117858702933,1.6326840002571874,0.8394757820494188,-0.5426602445456127,0.02828904986423327,-103.22840919889994,-0.03277021862700404,0.0014079218152412264,0.9994619204988763,19.37540886826785,0.0,0.0,0.0,1.0,36330,36330,12905,0.4022280895233809,0.11382092784437177
1567410203553201209,-0.5421844475043088,-0.8400989977159311,-0.016422512631624066,1.6342608874646052,0.8396260816598661,-0.5424309912983072,0.028225213473862667,-103.23880026233444,-0.03262005335609034,0.0015145018411171197,0.9994666769848913,19.37386016693955,0.0,0.0,0.0,1.0,36304,36304,12894,0.4007338862402651,0.11306864650920073
1567410203653184742,-0.5422705711358549,-0.8400439833237198,-0.01639310103708704,1.622552804954895,0.8395796228937569,-0.5425164937865944,0.027962667810610665,-103.22863066644527,-0.03238339854891249,0.0014000182573651212,0.999474539669372,19.371451255482977,0.0,0.0,0.0,1.0,36268,36268,12897,0.4017905582500497,0.11242662105432334
1567410203756309527,-0.5421598370359025,-0.8401182854295212,-0.016247387241196416,1.622282577164408,0.8396475067325053,-0.5424007842299728,0.02816831029024043,-103.22431217929434,-0.0324773081257958,0.0016296483285453312,0.9994711445075488,19.37249975330311,0.0,0.0,0.0,1.0,36306,36306,12899,0.4005553313707427,0.11236696012553554
1567410203852933509,-0.5418932594694129,-0.8402872841781363,-0.016400469205108004,1.6237588786991832,0.8398192614753589,-0.5421394656170798,0.02807860173548047,-103.2294243240019,-0.03248543360655228,0.0014421750800997855,0.9994711685358585,19.37193801599338,0.0,0.0,0.0,1.0,36297,36297,12875,0.40397141635771966,0.1143789272767986
1567410203953321638,-0.5424153973148373,-0.8399482427227256,-0.01650715913757544,1.6322759121726107,0.8394759645960289,-0.5426646109344867,0.028199732355105173,-103.23099656978155,-0.032644166727947024,0.0014386056898100222,0.9994660018191255,19.373167692525552,0.0,0.0,0.0,1.0,36306,36306,12922,0.40282334549708104,0.11533916929139099
1567410204053059768,-0.5423077735947067,-0.8400169937422733,-0.016544755149191254,1.6286718853579674,0.839550597028313,-0.5425585205887682,0.028018686013832384,-103.22356839074219,-0.03251267027119591,0.0013045921680196794,0.9994704719555814,19.37218813071206,0.0,0.0,0.0,1.0,36319,36319,12919,0.4040127070349287,0.11358226847600933
1567410204153166975,-0.5422880301418486,-0.8400326212340979,-0.016397793371193417,1.6332748231188585,0.8395621334017632,-0.5425338223534906,0.028150945994818013,-103.2352788328346,-0.032544070470081905,0.0014989546643588648,0.999469177419771,19.372778759213055,0.0,0.0,0.0,1.0,36324,36324,12858,0.40379164563633474,0.11331979113033161
1567410204253180073,-0.5425344040987473,-0.839874292421828,-0.016358279192830102,1.6134180723248757,0.8393963544599647,-0.542778407124768,0.028378880852371897,-103.21772269155922,-0.03271361319919489,0.0016654392925309516,0.9994633789306228,19.37431149702105,0.0,0.0,0.0,1.0,36323,36323,12833,0.4044708189167639,0.1146563778085178
1567410204353148605,-0.541797297865932,-0.8403518686130873,-0.016261148288690706,1.6074283456720266,0.839878542313901,-0.5420387636671948,0.028249121098328413,-103.22305291470289,-0.03255337441586761,0.0016479079571059699,0.999468639934994,19.3729043013188,0.0,0.0,0.0,1.0,36310,36310,12831,0.4044674853862565,0.11431180067275504
1567410204453075493,-0.5421264768482786,-0.8401372450861717,-0.016379637330896184,1.616446751081291,0.8396707695967168,-0.5423719475689044,0.028029790851586526,-103.22267119279735,-0.03243272706602304,0.0014421890778158525,0.9994728802252346,19.371409069731573,0.0,0.0,0.0,1.0,36319,36319,12880,0.4026210802559692,0.11404242120917196
1567410204552959068,-0.5423333952963648,-0.8400020460393656,-0.016463626453430604,1.6073114612180788,0.8395277264372037,-0.5425811373154935,0.028264924776462388,-103.20269742941248,-0.03267544780881602,0.0015073417364550334,0.999464878338096,19.37385429973703,0.0,0.0,0.0,1.0,36321,36321,12843,0.40694786065138483,0.1158028856841845
1567410204652881684,-0.5423071039804336,-0.8400203623869894,-0.016394991539743865,1.629382293465118,0.8395474669700524,-0.5425526818930574,0.028224777675537552,-103.22823497472903,-0.03260453460079826,0.0015421238235247905,0.9994671411194967,19.37341118855275,0.0,0.0,0.0,1.0,36300,36300,12891,0.40395957314642517,0.11436352483301851
1567410204752979978,-0.5424350215227824,-0.8399415825190062,-0.016198314142161285,1.6211559744982758,0.8394621794375371,-0.5426737568791079,0.028433130125068658,-103.22150967454915,-0.032672568303852595,0.0018252534583589558,0.9994644424541802,19.374285486928738,0.0,0.0,0.0,1.0,36326,36326,12872,0.40267164503037906,0.11555674050923817
1567410204853098171,-0.542532412827361,-0.8398723889824466,-0.0165212365348745,1.634543584872926,0.839398014339203,-0.5427819297534248,0.028262170061162925,-103.22529497058403,-0.03270404493540801,0.0014652501732178266,0.9994640055983984,19.37440984983526,0.0,0.0,0.0,1.0,36334,36334,12906,0.4016438119135366,0.11427890646784714
1567410204945258632,-0.542325977014934,-0.840009931393594,-0.0163049015614321,1.6308355485023496,0.8395350447256901,-0.5425685023433339,0.02829008558416984,-103.2303391645585,-0.03261047887171808,0.0016539120426459627,0.9994667684534168,19.373621708770834,0.0,0.0,0.0,1.0,36297,36297,12899,0.399360418993442,0.11380361612283138
1567410205045297735,-0.5422940333166768,-0.840026757018357,-0.016499361271088708,1.6275205144614229,0.8395455664740649,-0.5425426463270994,0.028473122943285183,-103.22943148646827,-0.0328697922549551,0.0015888390772392305,0.9994583794973689,19.376095954451394,0.0,0.0,0.0,1.0,36322,36322,12898,0.4067574156760547,0.11439646413275198
1567410205145401192,-0.5422214508742866,-0.8400770742389301,-0.01632199589337017,1.623112683444556,0.8396046288330133,-0.5424647137123862,0.028215272799161376,-103.22739937270391,-0.03255711065148347,0.0015949028501079888,0.99946860422473,19.373045017216914,0.0,0.0,0.0,1.0,36320,36320,12865,0.40228428214423007,0.11446587848174118
1567410205245283125,-0.5424702313740849,-0.8399237059633679,-0.015944159862157494,1.6293850943797505,0.8394434160419014,-0.5427005742344334,0.028475217111275448,-103.23688244745811,-0.032569914597091354,0.0020627375941731463,0.9994673310202594,19.3737031963738,0.0,0.0,0.0,1.0,36326,36326,12830,0.4042023893607944,0.11623549336868709
1567410205345269575,-0.5421082500697411,-0.8401522382588724,-0.016213011901932077,1.6167872426847003,0.8396717838157586,-0.5423475903082303,0.02846729264495666,-103.2225593375401,-0.03270994756948105,0.0018187455752591583,0.9994632316871589,19.3746107805461,0.0,0.0,0.0,1.0,36287,36287,12846,0.40193306854053223,0.11484673147063656
1567410205445237872,-0.542196669188402,-0.8400963981887978,-0.01614972666064983,1.623532480859784,0.8396215327914293,-0.5424341984106739,0.028298799754693387,-103.22815804140872,-0.03253388378270389,0.001783856716046883,0.9994690411719792,19.372576246558097,0.0,0.0,0.0,1.0,36344,36344,12887,0.4008467913027961,0.11484058387913104
1567410205545571875,-0.5422518846333991,-0.8400645252594848,-0.015952649061673204,1.630919554809665,0.8395892860266837,-0.5424829377676376,0.028321246798352438,-103.23542747888841,-0.03244571467456609,0.0019635762156497726,0.999471570364914,19.37281168766358,0.0,0.0,0.0,1.0,36297,36297,12893,0.4033937130163252,0.11391984850482283
1567410205647087700,-0.5421858260974703,-0.8400994714610764,-0.016352615381831238,1.633445177599565,0.8396269417299298,-0.5424301038665845,0.028216681954983756,-103.23986038474803,-0.03257497045682294,0.0015685885731596412,0.9994680639368274,19.37280461375637,0.0,0.0,0.0,1.0,36316,36316,12958,0.4015977345671983,0.11381522474036754
1567410205748575369,-0.5422032750942689,-0.8400885601170057,-0.01633461470580489,1.629152938727852,0.8396210738879513,-0.542447195035348,0.028062303568037836,-103.23430320056335,-0.032435486127184956,0.00150058616044585,0.9994727047202808,19.37174664452793,0.0,0.0,0.0,1.0,36311,36311,12899,0.4023836693896771,0.11415645247516967
1567410205848160040,-0.5427001605006562,-0.8397687211658859,-0.016279764862462177,1.632359104325575,0.8392950975391793,-0.5429417231807399,0.028249327005193278,-103.23271725823767,-0.03256186480034924,0.001667387461598823,0.999468331053957,19.373449357881203,0.0,0.0,0.0,1.0,36324,36324,12868,0.4047508060571625,0.11501916630110892
1567410205948456419,-0.5419991391383173,-0.8402162382308775,-0.016541045507381037,1.627418767647686,0.8397501134042664,-0.5422499438141526,0.028013308820782904,-103.23306660179232,-0.0325066179548014,0.0012928444246318534,0.9994706840835503,19.37192019557628,0.0,0.0,0.0,1.0,36298,36298,12919,0.40343581717777804,0.11292979818513074
1567410206050297654,-0.542039262101972,-0.8401944545386583,-0.016331469696164096,1.6177742636902162,0.8397286542074329,-0.5422832460474702,0.028011932443366007,-103.22728849119997,-0.03239175269938795,0.0014695641224631154,0.9994741691201215,19.372784867812097,0.0,0.0,0.0,1.0,36286,36286,12874,0.40130024234433004,0.11403422238295743
1567410206150279779,-0.5418959526384267,-0.8402979731978858,-0.015750960403012,1.612974149721619,0.8398532679026484,-0.5421224266320069,0.027381799354443286,-103.22927697983987,-0.03154781937551389,0.0016095906790554832,0.999500947628616,19.369897760053536,0.0,0.0,0.0,1.0,36324,36324,12874,0.4010644229765715,0.11404242544403662
1567410206250268974,-0.5419716644259039,-0.8402521472043599,-0.015589871002583617,1.6343790259017466,0.8398297382199975,-0.5421941241704913,0.026674754288364844,-103.23688865229842,-0.030866256021122515,0.001364123696833855,0.9995225927440482,19.36949174059038,0.0,0.0,0.0,1.0,36268,36268,12829,0.40339541740686014,0.11454494334590222
1567410206351006224,-0.5417980756512077,-0.8403655134397072,-0.015512866977591319,1.6631629233009577,0.8399601081067228,-0.5420189486780437,0.02612424282752687,-103.26395794508018,-0.030362180587153034,0.0011238750682562198,0.9995383308782264,19.367327993743235,0.0,0.0,0.0,1.0,36312,36312,12900,0.4054179153476837,0.11483428615952758
1567410206451460068,-0.5417766070458927,-0.8403800106255553,-0.015477267162921296,1.647109101055662,0.8399836622013251,-0.5419967296153199,0.025826194477122266,-103.24379094642947,-0.030092445774785977,0.0009913764643437616,0.9995466281669927,19.367153948718208,0.0,0.0,0.0,1.0,36287,36287,12874,0.40598568750313346,0.11463184809983502
1567410206553019142,-0.5417357258435399,-0.8404108332035373,-0.015232687842622734,1.6150063187888568,0.8400237777229383,-0.5419488604288267,0.025524214777406514,-103.20902256239091,-0.029706164425522024,0.0010315590325904733,0.9995581422213979,19.36575303541822,0.0,0.0,0.0,1.0,36223,36223,12867,0.4073681695004044,0.11507911143145565
1567410206653033448,-0.5422067916889467,-0.8401066876530937,-0.015249537925063058,1.583141962289174,0.8397260572535812,-0.5424204256289137,0.02530277909493323,-103.16764817938008,-0.029528694785817575,0.0009139043171257086,0.999563515222095,19.365828319938352,0.0,0.0,0.0,1.0,36226,36226,12772,0.40722123633808727,0.11405897904745982
1567410206753041804,-0.5419494435267607,-0.8402758182813141,-0.015078125636278803,1.5731260436606616,0.8399007271147528,-0.5421583211183137,0.02512217017506171,-103.14968617829999,-0.029284283381426596,0.0009508174611211071,0.9995706711848833,19.36458749917143,0.0,0.0,0.0,1.0,36216,36216,12848,0.40362550059472746,0.11377481585590596
1567410206853143493,-0.5421395163294228,-0.8401472788441018,-0.0154043722673564,1.573660574376089,0.8397770028124647,-0.5423580027249174,0.02494759362294679,-103.12640253701873,-0.029314337472179982,0.0005888387674393753,0.9995700690234172,19.365234451751324,0.0,0.0,0.0,1.0,36218,36218,12850,0.4073124410832261,0.11409161863498851
1567410206953108852,-0.5424326667607035,-0.8399606137275608,-0.01526333571972054,1.54713266571011,0.8395840443216955,-0.5426467280612106,0.025162691527539922,-103.09612377202433,-0.029418269006114075,0.0008342127347577143,0.9995668409555227,19.36784531094719,0.0,0.0,0.0,1.0,36172,36172,12824,0.4037125175296653,0.11420855446995187
1567410207052956785,-0.5427695506692316,-0.8397465849941648,-0.015062797116102462,1.5269568865002978,0.8393836113464413,-0.5429779842540269,0.024699425468263418,-103.04732424948814,-0.028920025403618932,0.0007626310229047157,0.9995814376650776,19.366689664733773,0.0,0.0,0.0,1.0,36196,36196,12828,0.4062446118692081,0.11617298610607973
1567410207152885459,-0.5426517571513646,-0.8398272439037947,-0.014807797185807462,1.4790379701333602,0.8394882001277654,-0.5428535064767609,0.023866971993808696,-102.98496017253002,-0.028082597935399786,0.0005204832829522157,0.9996054705684423,19.363985128107995,0.0,0.0,0.0,1.0,36182,36182,12856,0.40120718065471533,0.11446349112677237
1567410207252735862,-0.5429085366085146,-0.8396674621243897,-0.014452471317806213,1.4408278880162073,0.8393505727440338,-0.5431007251966876,0.023069857501041104,-102.92320176895664,-0.02722015635305342,0.00039413249748978456,0.9996293851961816,19.36039880961385,0.0,0.0,0.0,1.0,36126,36126,12830,0.40570874157028297,0.11454054326523483
1567410207352826967,-0.5430410927644811,-0.8395865096787166,-0.014172661523969335,1.3872378445089855,0.839278405001403,-0.5432258118722292,0.022748103527166847,-102.85179870424054,-0.026797956404930677,0.0004583462392504501,0.9996407652008049,19.359548051360743,0.0,0.0,0.0,1.0,36126,36126,12859,0.4079389974737468,0.1152674872858396
1567410207452935858,-0.5436879378561593,-0.8391604637079312,-0.014599396535828271,1.350128136548731,0.838853878249389,-0.5438839112515695,0.022681755392348048,-102.77418945105859,-0.02697400926256953,8.503641204329528e-05,0.9996361315964516,19.363114257512116,0.0,0.0,0.0,1.0,36129,36129,12801,0.4078012504503686,0.11762626315704623
1567410207552940822,-0.5442749818850163,-0.83878216143013,-0.014464776550939562,1.3101579929997746,0.8384803836080608,-0.5444671450280844,0.0224983174808932,-102.70430078797314,-0.02674678295732205,0.00011683994811980163,0.9996422339766701,19.363162671660028,0.0,0.0,0.0,1.0,36131,36131,12851,0.40702112147324243,0.1147838659098924
1567410207653060156,-0.5444276094091745,-0.8386845325569405,-0.01438168845305595,1.2384312501261485,0.8383934883023602,-0.5446175300006361,0.022093093677228042,-102.59263793129554,-0.0263616555859626,-2.9423774689131894e-05,0.9996524707362133,19.364110975166998,0.0,0.0,0.0,1.0,36155,36155,12751,0.4107884322564583,0.11798588452837902
1567410207753118425,-0.5447716966755269,-0.8384710614788933,-0.013786861997173492,1.1617441159428785,0.8381947099431888,-0.5449460981499102,0.021526224343016643,-102.48186289431689,-0.025562212825610768,0.00017080296561563236,0.9996732186578835,19.361467752570842,0.0,0.0,0.0,1.0,36120,36120,12717,0.40986409967980464,0.11907162776610647
1567410207852568882,-0.5451774156874808,-0.8382204232741262,-0.012965624954765055,1.088753243758991,0.8379683697855159,-0.5453314630570716,0.020557398645335723,-102.37179019457167,-0.02430219461993739,0.0003426458601265891,0.9997045993344619,19.35593799690225,0.0,0.0,0.0,1.0,36092,36092,12746,0.41292986331901804,0.11720323762019404
1567410207953171439,-0.5454976663823258,-0.8380133329513982,-0.012882149165752246,1.0070736185935698,0.8377478103619207,-0.5456492768887327,0.02110622810065721,-102.25005277857971,-0.02471643593372753,0.0007214059186769931,0.9996942419401255,19.364001652641758,0.0,0.0,0.0,1.0,36084,36084,12679,0.41339301111149795,0.11943840349717186
1567410208053203966,-0.5459847448644332,-0.8376932652572266,-0.013063373148167572,0.898299249875121,0.8374425406892566,-0.5461409439640186,0.02049537435716989,-102.10130536200884,-0.024303280010419086,0.0002503373401272008,0.9997046003254956,19.364923619172924,0.0,0.0,0.0,1.0,36054,36054,12561,0.41654007104355734,0.1230809507322636
1567410208153214105,-0.5467702195319032,-0.8371752765980298,-0.013412057487527159,0.8456823977482312,0.8369459591818544,-0.5469344547219317,0.019600093040997052,-101.97865555200738,-0.023744229661581434,-0.0005084201436288406,0.9997179367535343,19.36605325652092,0.0,0.0,0.0,1.0,36038,36038,12567,0.42194236877048386,0.1263922563598434
1567410208253125410,-0.5476274779036319,-0.8366101313705626,-0.013697939006986456,0.7584615452212669,0.8364092210135999,-0.5477970069322403,0.01838625028465585,-101.83011953569076,-0.02288581325522327,-0.0013882666228342895,0.999737121581188,19.36572184313949,0.0,0.0,0.0,1.0,36062,36062,12533,0.4279674846675953,0.13037740970181091
1567410208352714393,-0.5480630822026427,-0.8363257009806433,-0.013644772104283222,0.6531363453766883,0.8361365097967011,-0.5482305161312382,0.017861639552316406,-101.66436821631089,-0.0224186286724766,-0.0016195868980116053,0.9997473590996548,19.36683130998795,0.0,0.0,0.0,1.0,36006,36006,12433,0.4279918561510064,0.13242317820502061
1567410208453216873,-0.5487968044988771,-0.8358498222810439,-0.013309468981576904,0.562230608131613,0.835669528822998,-0.5489559637995014,0.01742952683635593,-101.51031201536594,-0.02187477928104954,-0.0015570490409991527,0.9997595058961422,19.368153927565743,0.0,0.0,0.0,1.0,35951,35951,12315,0.43503320928716077,0.13682934610417707
1567410208553272076,-0.5497836365870992,-0.8352138282584213,-0.012482548897576353,0.42964150954362945,0.8350574448415646,-0.5499232774998405,0.016231225417112836,-101.30734263389074,-0.020420988119257,-0.0014999832514348036,0.999790344669565,19.361814142850765,0.0,0.0,0.0,1.0,35855,35855,12360,0.43404066416812614,0.13761682196946062
1567410208653127363,-0.550389651188345,-0.834830756188681,-0.011350787911453112,0.32242025033171984,0.8346736400373257,-0.5505064037491195,0.016205371272664512,-101.13265037401463,-0.01977742378672745,-0.0005549348212049126,0.9998042536195347,19.36336043729194,0.0,0.0,0.0,1.0,35895,35895,12299,0.4365782374811397,0.14198806618355997
1567410208753118230,-0.5504646095540577,-0.8347943024479544,-0.010353078234821561,0.18193570732431175,0.8346424917838733,-0.550561947122663,0.015920216372357843,-100.92828311428062,-0.01899011683305712,0.00012239667388111902,0.999819663980326,19.359344554981295,0.0,0.0,0.0,1.0,35824,35824,12265,0.43864979990962594,0.1403755655235389
1567410208853037747,-0.5515563827419311,-0.8340817913169288,-0.009649976693428392,0.04892619668188092,0.8339354188364382,-0.5516404923845609,0.015635996029895616,-100.71118952892682,-0.01836501747229957,0.0005766760552202783,0.9998311825393225,19.35600874246248,0.0,0.0,0.0,1.0,35699,35699,12231,0.4366473892213971,0.14305901365940002
1567410208953080727,-0.5525295105381287,-0.8334407092310088,-0.009366118780640665,-0.08272591289432796,0.8333049955773846,-0.5526086536945904,0.01504859487329132,-100.50252620092884,-0.01771790987383694,0.0005099591905471368,0.999842895464751,19.358781534088365,0.0,0.0,0.0,1.0,35618,35618,12163,0.43297169441850375,0.14420235024991
1567410209053070294,-0.5528102008140385,-0.8332527834660354,-0.009522642598057076,-0.24677487397579256,0.8331316566080801,-0.5528922069508523,0.014207401258732672,-100.26638167348588,-0.01710335152669926,-7.961866012045188e-05,0.9998537238153555,19.35758737290606,0.0,0.0,0.0,1.0,35552,35552,12184,0.44111969411336766,0.14611012573900178
1567410209153095564,-0.5538936449106128,-0.8325120465861248,-0.011203678709360928,-0.38772250652514095,0.832365435359344,-0.5540065444732826,0.015637477413533545,-100.02139056846744,-0.019225299652144402,-0.0006640555447541085,0.999814956321183,19.367798038132094,0.0,0.0,0.0,1.0,35448,35448,11919,0.43907359089030934,0.15139551190763056
1567410209245098265,-0.5536015803965673,-0.8326804326681412,-0.01298411468004828,-0.546078438984907,0.8325114134322932,-0.5537518307152722,0.016842104514797566,-99.76336503998901,-0.021214068148714762,-0.0014856079878580654,0.9997738525694198,19.36940132870481,0.0,0.0,0.0,1.0,35492,35492,11925,0.4456909148963419,0.15670240740707242
1567410209345034135,-0.5526699408206772,-0.8332882189582251,-0.01366311306777809,-0.724982702158401,0.8330926873289078,-0.5528370886561134,0.018103251789929418,-99.50845995847737,-0.022638702091749566,-0.0013775164875120458,0.9997427627224613,19.368628171993528,0.0,0.0,0.0,1.0,35383,35383,11984,0.4420777510808206,0.1533201849383436
1567410209445053751,-0.5529188422241345,-0.8331273038575876,-0.013403338409325382,-0.9118080016837151,0.8329034931414728,-0.5530810626011411,0.019316037501626755,-99.23067424164246,-0.023505850894771908,-0.0004834862891271654,0.9997235824040229,19.371492054726236,0.0,0.0,0.0,1.0,35273,35273,12018,0.4418665690451273,0.149152584117599
1567410209545181995,-0.5535912406408993,-0.8326947301717206,-0.012498985155643213,-1.1297242901778162,0.832457331501046,-0.5537319911349613,0.019891536489378095,-98.92701463819597,-0.023484665547121437,0.0006069085342703549,0.9997240129886767,19.37411617436768,0.0,0.0,0.0,1.0,35187,35187,12005,0.44032001762712236,0.14402871527564098
1567410209645383370,-0.5532350415705821,-0.8329189674375294,-0.013303475530901755,-1.3436616867413091,0.8327014836054925,-0.5533947034539509,0.01904051969789314,-98.62152440750162,-0.023221282902570466,-0.0005439411051020826,0.999730201678656,19.368579354639678,0.0,0.0,0.0,1.0,35211,35211,12125,0.43886405225749187,0.13848495750996848
1567410209745237630,-0.5529512075608174,-0.8330798302867648,-0.014931792471539683,-1.5562372865238268,0.832881994506905,-0.5531479281010979,0.018301717506942285,-98.30941596809879,-0.023506281783104595,-0.0023164642993586896,0.9997210054359652,19.367702353897403,0.0,0.0,0.0,1.0,35233,35233,12086,0.44424261377493596,0.13900033671813372
1567410209844802901,-0.5538480019764269,-0.8324795257686644,-0.015173328003596363,-1.7161000060724807,0.8322664477825339,-0.5540517123947171,0.01895415226188099,-98.02316537685653,-0.024185752049434055,-0.0021305324391928723,0.9997052116645899,19.37254143541869,0.0,0.0,0.0,1.0,35222,35222,12197,0.4358476884455782,0.134451836082781
1567410209945221973,-0.5537594889707946,-0.8325281175369991,-0.015727742530675277,-1.9629263827636034,0.8323119440574646,-0.5539771748541664,0.019134197655578958,-97.68270864932794,-0.024642567928754192,-0.002494644445722292,0.9996932132384314,19.37390434130903,0.0,0.0,0.0,1.0,35280,35280,12262,0.43159381918945905,0.12846952372245868
1567410210044945257,-0.5546839621819554,-0.8319197366402928,-0.015337988345278648,-2.171423500472257,0.831689741338413,-0.5548928735262244,0.019648742002891646,-97.35692309564364,-0.02485711669937901,-0.0018576054934817514,0.9996892882547245,19.368377363464408,0.0,0.0,0.0,1.0,35317,35317,12230,0.43386871156412493,0.12948650523088706
1567410210145131672,-0.5548556035123681,-0.8318354866501048,-0.013600823523455086,-2.408101849007956,0.8315544406681539,-0.5550218398393088,0.02163260286017727,-97.00704798931257,-0.025543520823018726,0.0006931457178537198,0.9996734707358159,19.373599945374878,0.0,0.0,0.0,1.0,35243,35243,12280,0.426669991130343,0.13142871566661593
1567410210244798121,-0.5565083661750293,-0.8307288518633936,-0.013711785402890145,-2.6480281637571306,0.8304547979942403,-0.5566770467968976,0.021342306760854822,-96.6239168326811,-0.025362706195951885,0.0004901542889916751,0.9996781946622649,19.373123298721538,0.0,0.0,0.0,1.0,35399,35399,12191,0.4232405408381692,0.12579536652449058
1567410210344280347,-0.5558925254665323,-0.831106950929036,-0.01564404832163372,-2.8934421896979714,0.8309128052017924,-0.5561051261057351,0.018193374361479525,-96.2754630711117,-0.023820375357382982,-0.0028852792550805167,0.9997120909949364,19.36504178057994,0.0,0.0,0.0,1.0,35500,35500,12073,0.4307575891590442,0.13309267720652146
1567410210445121890,-0.5557533101256265,-0.8311936978577228,-0.01597795124608194,-3.1173365550066507,0.8310352369384589,-0.555968628881424,0.016712829395217513,-95.92361700938316,-0.0227748381132914,-0.003990030241622141,0.9997326574677844,19.367303472695184,0.0,0.0,0.0,1.0,35644,35644,12151,0.42613168514061917,0.1359946841255349
1567410210544965107,-0.5572494889720725,-0.8301863726602737,-0.016235568654917328,-3.3652126517909533,0.8300485065390272,-0.5574665129288254,0.01582920577135345,-95.53718151925045,-0.022191976764883155,-0.0046554926879057495,0.9997428882243242,19.365266917613553,0.0,0.0,0.0,1.0,35781,35781,12192,0.42996197310297785,0.1391832491248339
1567410210644643930,-0.5577081925571599,-0.8298846860713647,-0.01590533806195875,-3.653879652382283,0.8297417189817885,-0.5579185253953749,0.015987457641620875,-95.11732698859225,-0.02214162902343555,-0.004280986439623788,0.9997456783699072,19.364181350913448,0.0,0.0,0.0,1.0,35844,35844,12134,0.4327729007572985,0.13864864143446842
1567410210745114193,-0.5581656905705601,-0.829605330678275,-0.014354691918923797,-3.899582451505182,0.8294454330071274,-0.5583437545274482,0.016508344673436856,-94.75213092694213,-0.02171026332285103,-0.0026920420495501604,0.9997606800510158,19.363759614872475,0.0,0.0,0.0,1.0,35981,35981,12336,0.428485367625893,0.1377396668532445
1567410210845219225,-0.5583311675273948,-0.8295076024724959,-0.013544179850929568,-4.16947560163215,0.8293498945319403,-0.5584913819441372,0.016313452547905463,-94.33850013667794,-0.021096440633304236,-0.002124555123415464,0.9997751879588465,19.362593870672747,0.0,0.0,0.0,1.0,35884,35884,12423,0.42538834851369567,0.1302509948704152
1567410210945230280,-0.5587149476166304,-0.8292316379768658,-0.014577307294401017,-4.443897950024503,0.8290758134234795,-0.5588972755371631,0.016344142479099377,-93.92557760579348,-0.021700297370776306,-0.002953976193581005,0.9997601567969601,19.364599581459647,0.0,0.0,0.0,1.0,35853,35853,12406,0.42503231898674976,0.12385217015188653
1567410211045461688,-0.5586110193063476,-0.8292705079709661,-0.016252806499367105,-4.701518289198837,0.8290940849751441,-0.5588351634754217,0.0175002377890424,-93.54976033190142,-0.023595070857936724,-0.00369928006343063,0.9997147532962769,19.371439450007895,0.0,0.0,0.0,1.0,35998,35998,12688,0.4150123156547139,0.12134962391976248
1567410211145441677,-0.5589230801670723,-0.8290240566581721,-0.01800288695146665,-4.977420236425225,0.8288444792657984,-0.5591915007444112,0.01793584918166299,-93.13145797708651,-0.024936311820310572,-0.004896833390542469,0.9996770485389571,19.37358016564235,0.0,0.0,0.0,1.0,36079,36079,12697,0.41594714262669613,0.11591058819030664
1567410211245738289,-0.5588329905697368,-0.8290793578793763,-0.018251218841828853,-5.263346723743965,0.8289076927593984,-0.559106262726246,0.01766985751577121,-92.69760595023355,-0.024854084879845945,-0.005254076381747863,0.9996772824997954,19.365815060023138,0.0,0.0,0.0,1.0,36002,36002,12731,0.4187789058879235,0.11346800963833963
1567410211345657848,-0.559250551566408,-0.8288199572318933,-0.017213339792078026,-5.550134397674116,0.8286369728898684,-0.5594993328485435,0.017923830561485946,-92.25958671361873,-0.02448648060916192,-0.004239697650938664,0.9996911709279132,19.36381630738516,0.0,0.0,0.0,1.0,35872,35872,12809,0.41972415251108086,0.11075269232333639
1567410211445383454,-0.5603545610524587,-0.8280914342371912,-0.016350610101904448,-5.826511768861079,0.8279214945696143,-0.5605795778750814,0.017220211934215628,-91.82077390549256,-0.02342572810739513,-0.0038875972530663687,0.9997180211690957,19.36187230462846,0.0,0.0,0.0,1.0,35793,35793,12905,0.4120419739900737,0.10672053494659026
1567410211545271477,-0.5604388058049342,-0.8280431471834785,-0.015902557983745902,-6.144897165458245,0.8278947419456482,-0.5606494874900227,0.016200260367403293,-91.3517511770479,-0.02233027556318037,-0.004086389564192822,0.9997422969013657,19.35757486272313,0.0,0.0,0.0,1.0,35800,35800,13021,0.4082235942554699,0.10479240152529033
1567410211647953164,-0.5608057143908972,-0.8277817485385344,-0.01656283469121818,-6.489464204670686,0.8276468753871048,-0.5610289255612982,0.015722415385235926,-90.85367609987766,-0.02230695784989972,-0.004890957987672463,0.9997392050737345,19.35675039139249,0.0,0.0,0.0,1.0,35859,35859,12861,0.41036785650820135,0.10772479508920892
1567410211748217764,-0.5604782814656307,-0.8279974754506534,-0.01686050570669496,-6.812429263574579,0.827849578515024,-0.5607114010210241,0.01636459952414943,-90.36945235924473,-0.023003724869476976,-0.004785959924669327,0.9997239235057575,19.352277030079275,0.0,0.0,0.0,1.0,35691,35691,12782,0.41675370176904103,0.10696776327616558
1567410211848179474,-0.5607456872395308,-0.8277954269432666,-0.017860721544487253,-7.117121794230334,0.8276038343466303,-0.5610121462095826,0.018364780971262255,-89.91504530250012,-0.02522236343134642,-0.00448362990768154,0.9996718108688494,19.354233420071537,0.0,0.0,0.0,1.0,35612,35612,12760,0.4190793584066043,0.10802720481177824
1567410211948275749,-0.5612454940772483,-0.827444376917865,-0.018420056596000232,-7.450615703522799,0.8272158245678706,-0.5615328286828122,0.019871132228092076,-89.40858203788291,-0.026785723109971897,-0.004084778880417639,0.9996328524108193,19.35689368459096,0.0,0.0,0.0,1.0,35567,35567,12671,0.4258918102469602,0.1150663957928933
1567410212048313443,-0.5609586605140218,-0.8276215775759862,-0.019180863509207155,-7.767430794550523,0.8273962933262923,-0.5612666476615032,0.01987772654954134,-88.92493349087997,-0.02721681436661728,-0.004719592511021111,0.9996184124266021,19.363768075932413,0.0,0.0,0.0,1.0,35476,35476,12380,0.4321406258490223,0.12648007457856944
1567410212148478606,-0.5595896658113132,-0.8285566331452136,-0.018796584483864447,-8.119517809762046,0.828346488817403,-0.5598847775433784,0.019264743422364512,-88.42266937058184,-0.026485852470760768,-0.004789733425307393,0.9996377134105282,19.36296093570241,0.0,0.0,0.0,1.0,35602,35602,12092,0.4444702462001538,0.1391189624084731
1567410212250027794,-0.5589646278091599,-0.8289888512898886,-0.018331101855780185,-8.452044490498615,0.8288105249173635,-0.5592413340385065,0.017951158432912718,-87.92931390297363,-0.025132820064841625,-0.005158947559206829,0.9996708091245275,19.358298191735535,0.0,0.0,0.0,1.0,35663,35663,11982,0.45085933293367497,0.1480779405863089
1567410212349308920,-0.5586841305640026,-0.8292063409392625,-0.016996658556074636,-8.753958632940494,0.8290390800581101,-0.5589248278429062,0.01724066580003655,-87.43749682326609,-0.023795923860759915,-0.0044588077905523705,0.9997068935646677,19.34828340262276,0.0,0.0,0.0,1.0,35671,35671,11902,0.4525411075173543,0.15303367966508472
1567410212450055808,-0.5571811111467454,-0.8302395262489205,-0.01585996328038295,-9.123662138315725,0.8300615100835274,-0.5573964187631795,0.017524891665448617,-86.9055724946294,-0.02339014448808293,-0.0034002064595033974,0.9997206308448765,19.346985796040194,0.0,0.0,0.0,1.0,35681,35681,11932,0.4562339548104143,0.15292369691554625
1567410212550255791,-0.5566817184409572,-0.8305419645448193,-0.017478829585098943,-9.468240759064708,0.8303718138339037,-0.5569355061492538,0.01747835176776969,-86.38202433362738,-0.024251085416078573,-0.004784048528675176,0.9996944521881853,19.34888189078963,0.0,0.0,0.0,1.0,35771,35771,12064,0.45262602439184724,0.14363271318887633
1567410212650217729,-0.5564150230383806,-0.8307203080677894,-0.017495482301609223,-9.825084701080888,0.830545999288718,-0.5566701136068788,0.017655811577560236,-85.83179759402849,-0.02440625335333763,-0.00470684402553913,0.9996910424809211,19.350785616784375,0.0,0.0,0.0,1.0,35955,35955,12126,0.45824132145343244,0.13472804409290395
1567410212750134119,-0.5549079473502172,-0.8317303099374783,-0.017374161818217514,-10.195720148780689,0.831573654010127,-0.5551568078692747,0.016916755974381043,-85.26896062671622,-0.02371556290411047,-0.005060652894970571,0.9997059376979,19.34538454313176,0.0,0.0,0.0,1.0,35979,35979,12186,0.45826679031106154,0.1313562023988267
1567410212849552048,-0.5552751481182462,-0.8314871200286689,-0.017282335163389947,-10.536810768653858,0.8313519459721795,-0.5555168014424827,0.015969509805788377,-84.73111510695806,-0.022879069268103836,-0.005500231046243209,0.9997231094897643,19.343002249311258,0.0,0.0,0.0,1.0,36068,36068,12059,0.4659790560637463,0.1337980751028806
1567410212949783950,-0.5536696118555136,-0.8325650501912141,-0.01689372983907067,-10.91670454564367,0.8324494817937584,-0.553897447654882,0.015015916314497108,-84.1590918589052,-0.021859120959274635,-0.005749320092596134,0.9997445294420872,19.337620663782733,0.0,0.0,0.0,1.0,36049,36049,12105,0.45606907811344227,0.13370305166134624
1567410213049733640,-0.5536118303907125,-0.8325840165562212,-0.017826851280150154,-11.294756240743798,0.8324697577926159,-0.5538615917609737,0.015213136848082618,-83.57119381621915,-0.022539822807502028,-0.006418142030940662,0.9997253442024447,19.336185938718952,0.0,0.0,0.0,1.0,35963,35963,12177,0.4505952174272915,0.13153812867551828
1567410213149748441,-0.5529310992168485,-0.8330207846349709,-0.018535692190864234,-11.651938462801281,0.8328720035376552,-0.5532080433955129,0.016884503123755105,-83.01812213138606,-0.024319236050207287,-0.00610189222001464,0.9996856214176985,19.337286857251584,0.0,0.0,0.0,1.0,35910,35910,12332,0.43860819510224003,0.12131567085020412
1567410213249836369,-0.5515330945175643,-0.833954022229233,-0.01821906857040609,-12.041620864657462,0.8337477020214854,-0.5518143928730324,0.0191218511686515,-82.44699533552689,-0.0260002889564521,-0.004643772805597831,0.9996511493257694,19.34173897807683,0.0,0.0,0.0,1.0,35827,35827,12705,0.4250777819792216,0.11163600949750682
1567410213349667965,-0.5505433307012272,-0.8346070604424773,-0.018250909017822933,-12.414585348838127,0.8343895370093501,-0.5508277438980663,0.01956775617045506,-81.85793863562255,-0.026384494495250488,-0.00445546986894986,0.9996419395155934,19.339337872345254,0.0,0.0,0.0,1.0,35686,35686,13018,0.40779147174622105,0.0973477653350383
1567410213451728085,-0.549651489027436,-0.835208766835001,-0.017594215296214105,-12.79229689628193,0.8349936108577701,-0.5499181868161144,0.01938188937226874,-81.28262006094269,-0.025863302895686908,-0.004037773006762865,0.9996573342663437,19.33577521875971,0.0,0.0,0.0,1.0,35509,35509,13286,0.3988617679644762,0.09083783977753995
